228.79
228.79
228.77
228.54
228.39
228.49
228.6
228.71
228.8
228.81
228.81
228.81
228.81
228.81
228.82
228.82
228.82
228.79
228.47
228.27
228.21
228.16
227.82
227.62
227.62
227.63
227.42
227.01
226.99
226.96
226.83
226.49
226.16
225.9
225.85
225.8
225.53
225.24
225.24
225.24
225.14
224.74
224.22
224.06
224.06
224.06
223.83
223.54
223.52
223.51
223.48
223.45
223.42
223.18
222.88
222.88
222.88
222.79
222.39
221.87
221.7
221.7
221.7
221.7
221.7
221.7
221.37
220.89
220.52
220.52
220.52
220.53
220.53
220.53
220.41
219.99
219.96
219.95
219.89
219.41
219.35
219.36
219.36
219.36
219.36
219.36
219.36
219.37
219.37
218.78
218.37
218.19
218.19
218.19
218.19
218.2
218.2
218.2
218.2
218.2
217.87
217.37
217.03
217.03
217.03
216.94
216.55
216.5
216.49
216.48
216.48
216.48
216.47
216.44
216.41
216.26
215.89
215.87
215.87
215.87
215.87
215.88
215.88
215.88
215.88
215.87
215.73
215.58
215.43
215.28
214.83
214.72
214.72
214.72
214.72
214.72
214.72
214.72
214.72
214.72
214.72
214.73
214.73
214.73
214.73
214.73
214.73
214.73
214.73
214.39
213.84
213.64
213.75
213.87
213.98
214.1
213.73
213.57
213.57
213.58
213.58
213.58
213.58
213.58
213.58
213.58
213.58
213.58
213.58
213.58
213.59
213.59
213.59
213.59
213.59
213.59
213.59
213.59
213.59
213.59
213.59
213.59
213.6
213.6
213.6
213.6
213.6
213.6
213.61
213.61
213.31
213.08
213.07
213.07
213.06
213.06
213.05
215.02
214.99
214.97
214.9
214.79
214.68
214.57
214.46
214.44
214.43
214.43
214.42
214.42
214.42
214.41
214.41
214.4
214.4
214.39
214.39
214.39
214.38
214.38
214.37
214.37
214.37
214.36
214.36
214.35
214.35
214.34
214.34
214.34
214.33
214.33
214.32
214.32
214.31
214.31
214.31
214.3
214.26
214.15
214.04
213.93
213.82
213.8
213.81
213.81
214.06
214.27
214.27
214.26
214.26
214.25
214.25
214.22
214.11
214
213.9
213.79
213.75
213.74
213.73
213.94
214.18
214.07
213.96
213.85
213.74
213.71
213.72
213.73
213.7
213.66
213.63
213.61
213.61
213.62
213.63
213.64
213.65
213.63
213.61
213.58
213.56
213.54
213.51
213.5
213.52
213.53
213.55
213.56
213.58
213.57
213.55
213.53
213.51
213.51
213.5
213.49
213.49
213.48
213.48
213.49
213.49
213.5
213.5
213.51
213.51
213.5
213.49
213.49
213.5
213.51
213.51
213.51
213.51
213.49
213.47
213.45
213.44
213.46
213.48
213.47
213.45
213.44
213.43
213.42
213.4
213.4
213.41
213.42
213.42
213.41
213.41
213.42
213.43
213.44
213.43
213.41
213.39
213.4
213.42
213.42
213.42
213.42
213.42
213.42
213.88
213.87
213.87
213.87
213.86
213.86
213.85
213.85
213.85
213.84
213.84
213.83
213.83
213.83
213.82
213.82
213.81
213.81
213.81
213.8
213.8
213.8
213.79
213.79
213.79
213.78
213.78
213.77
213.77
213.77
213.76
213.76
213.75
213.75
213.75
213.74
213.74
213.73
213.73
213.73
213.72
213.72
213.71
213.71
213.7
213.7
213.7
213.69
213.69
213.68
213.68
213.68
213.67
213.67
213.66
213.66
213.66
213.65
213.65
213.64
213.64
213.64
213.83
214.07
213.96
213.85
213.74
213.63
213.61
213.6
213.6
213.59
213.59
213.59
213.58
213.58
213.57
213.57
213.56
213.56
213.56
213.55
213.55
213.54
213.54
213.54
213.53
213.53
213.52
213.52
213.51
213.45
213.33
213.21
213.09
213.09
213.4
213.49
213.48
213.48
213.47
213.47
213.47
213.46
213.46
213.45
213.45
213.45
213.44
213.44
213.43
213.43
213.43
213.42
213.42
213.41
213.41
213.36
213.24
213.12
213
212.93
213.25
213.31
213.18
213.05
212.91
212.8
212.81
212.81
212.81
212.8
212.78
212.94
213.34
213.21
213.08
212.96
212.83
212.79
212.8
212.8
212.8
212.79
212.78
213.11
213.23
213.09
212.95
212.82
212.68
212.69
212.71
212.72
212.73
212.73
212.73
212.73
212.73
212.73
212.73
212.73
212.73
212.73
212.73
212.73
212.08
212.08
212.08
212.08
212.08
212.08
212.08
212.08
212.08
212.08
212.08
212.08
205.37
205.36
205.36
205.36
205.36
205.36
205.36
205.36
205.36
205.36
205.36
205.41
205.77
205.85
205.85
205.85
205.85
205.85
205.85
205.85
205.85
205.84
205.84
205.84
205.83
205.82
205.8
205.8
205.8
205.79
205.8
205.8
205.8
205.8
205.8
205.79
205.79
205.78
205.71
205.57
205.44
205.3
205.35
205.7
205.61
205.48
205.35
205.22
205.09
204.96
204.83
204.7
204.67
204.66
204.66
205.68
205.67
205.66
205.54
205.42
205.29
205.16
205.45
205.66
205.67
205.67
205.67
205.67
205.67
205.66
205.64
205.63
205.51
205.39
205.27
205.15
205.01
204.87
204.73
204.59
204.85
205.03
205.05
205.07
205.07
205.07
205.06
205.06
205.06
205.05
205.05
205.04
205.04
205.03
205.03
205.22
205.55
205.96
206.11
206.11
206.1
206.48
206.85
207.15
207.5
207.86
208.23
208.59
208.83
208.86
208.89
209.11
209.41
209.85
210.19
210.47
210.46
210.46
210.56
210.93
211.03
211.04
211.07
211.37
211.54
211.54
211.54
211.53
211.53
211.52
211.52
211.51
211.52
211.82
211.96
211.83
211.69
211.56
211.64
212
211.91
211.76
211.62
211.48
211.73
211.97
211.96
211.95
211.89
211.76
211.63
211.5
211.61
211.98
212
212.01
212.01
211.98
211.95
211.92
211.92
211.92
211.91
211.9
211.89
211.91
211.94
211.97
211.95
211.93
211.92
211.92
211.93
211.93
211.92
211.92
211.91
211.9
211.9
211.89
211.89
211.89
211.89
211.89
212.03
212.33
212.3
212.16
212.02
211.88
211.86
211.85
211.84
211.83
211.82
211.9
212.23
212.27
212.13
211.99
211.86
211.81
211.79
211.78
211.78
211.78
211.78
211.76
211.74
211.74
211.76
211.78
211.78
211.78
211.78
211.78
211.78
211.78
211.78
211.78
211.78
211.78
211.78
211.78
211.78
211.78
211.78
205.54
205.4
205.26
205.11
204.97
204.83
204.69
204.57
204.55
204.53
204.51
204.51
204.5
204.42
204.28
204.14
204
203.99
203.98
203.97
203.95
203.94
204.08
204.4
204.46
204.46
204.43
204.29
204.15
204
203.92
203.9
203.89
204.11
204.42
204.41
204.41
204.35
204.21
204.07
203.92
203.87
203.86
203.85
203.86
203.87
203.88
203.86
203.85
204.01
204.27
204.34
204.36
204.34
204.18
204.03
203.87
203.8
203.81
203.81
204.08
204.3
204.16
204.01
203.87
204.48
204.64
204.42
204.2
203.97
203.8
203.8
203.8
203.8
203.78
203.77
203.77
203.76
203.76
203.75
203.75
204.35
204.67
204.52
204.37
204.24
204.23
204.23
204.23
204.24
204.25
204.13
203.98
203.83
203.76
204.03
204.2
204.2
204.19
204.41
204.7
204.7
204.69
204.65
204.51
204.37
204.24
204.2
204.18
204.17
204.16
204.15
204.15
204.15
204.15
204.37
204.66
204.65
204.63
204.62
204.62
204.62
204.53
204.38
204.24
204.11
204.1
204.1
204.1
204.09
204.09
204.07
204.05
204.03
204.05
204.08
204.23
204.49
204.47
204.32
204.17
204.02
203.87
203.72
203.57
204.28
204.55
204.55
204.53
204.38
204.23
204.09
203.94
203.79
203.64
203.65
204.52
204.53
204.53
204.52
204.5
204.49
204.36
204.22
204.07
203.98
203.98
203.98
203.86
203.7
203.54
203.71
204.49
204.49
204.49
204.38
204.22
204.06
203.93
203.93
203.93
203.93
203.93
203.92
203.79
203.64
203.49
203.54
203.81
204.08
204.36
204.29
204.14
203.98
203.99
204.24
204.37
204.39
204.4
204.39
204.38
204.33
204.18
204.03
203.87
203.72
203.57
203.42
203.76
204.34
204.35
204.37
204.36
204.34
204.31
204.16
204.01
203.86
204.01
204.26
204.19
204.06
203.92
203.99
204.21
204.21
204.05
203.9
203.85
204.13
204.3
204.31
204.31
204.31
204.3
204.28
204.13
203.99
203.84
203.82
203.82
203.88
204.11
204.23
204.07
203.92
203.77
203.77
203.78
203.77
203.75
203.72
203.72
203.71
203.74
204.02
204.21
204.04
203.88
203.72
203.92
204.19
204.2
204.2
204.19
204.19
204.18
204.18
204.19
204.2
204.21
204.22
204.22
204.21
204.2
204.45
204.72
204.72
204.71
204.82
205.11
205.26
205.26
205.27
205.01
204.74
204.46
204.18
204
203.84
203.67
203.6
203.6
203.6
203.6
203.6
203.69
203.94
204.08
204.09
204.1
204.11
204.11
204.11
204.11
204.1
204.1
204.1
204.09
204.09
204.08
204.08
204.09
204.1
204.09
204.08
204.07
204.07
204.07
204.06
204.05
204.05
204.05
204.05
204.05
204.05
204.04
204.04
204.04
204.04
204.03
204.03
204.03
204.02
204.02
204.01
203.99
203.99
204
204.01
204.01
204.02
204.02
204.01
204
203.99
203.99
203.99
203.99
203.98
203.98
203.97
203.97
203.97
203.97
203.98
203.99
204.01
207.73
207.72
207.72
207.7
207.54
207.38
207.23
207.46
207.69
207.7
207.7
207.7
207.69
207.69
207.56
207.38
207.2
207.26
207.54
207.6
207.43
207.27
207.16
207.14
207.12
207.31
207.57
207.65
207.65
207.65
207.64
207.64
207.56
207.4
207.23
207.12
207.1
207.08
207.07
207.07
207.05
206.88
206.71
206.53
206.35
206.17
205.99
205.72
205.44
205.16
205.04
205.23
205.35
205.05
204.76
204.47
204.25
204.07
203.9
203.82
203.84
203.85
204.07
204.29
204.32
204.32
204.31
204.3
204.28
204.16
203.99
203.83
203.93
204.17
204.28
204.28
204.28
204.28
204.27
204.27
204.27
204.27
204.25
204.23
204.17
204.01
203.85
203.79
204.05
204.26
204.24
204.21
204.23
204.27
204.33
204.52
204.71
204.59
204.42
204.25
204.43
204.66
204.61
204.45
204.29
204.24
204.22
204.2
204.23
204.27
204.42
204.64
204.73
204.71
204.69
204.7
204.72
204.73
204.72
204.71
204.57
204.39
204.21
204.4
204.66
204.9
205.13
205.37
205.63
206.01
206.59
206.97
207.23
207.48
207.71
207.89
207.94
207.99
208.39
208.91
209
209.04
209.27
209.81
210.19
210.43
210.67
210.91
211.13
211.15
211.17
211.18
211.18
211.18
211.18
211.17
211.16
211.15
211.13
211.29
211.53
211.76
211.99
212.13
211.95
211.78
211.64
211.64
211.64
211.53
211.36
211.18
211.29
211.51
211.55
211.37
211.19
211.22
211.44
211.57
211.4
211.22
211.1
211.1
211.11
211.49
212.01
211.32
210.26
209.19
208.13
207.06
206
204.93
204.51
204.52
204.54
204.53
204.53
204.53
204.53
204.53
204.52
204.5
204.5
204.51
204.51
204.51
204.51
204.51
204.51
204.5
204.5
204.5
204.5
204.5
204.49
204.49
204.49
204.49
204.48
204.47
204.47
204.47
204.48
204.47
204.47
204.47
204.47
204.47
204.46
204.46
204.46
204.45
204.43
204.45
204.47
204.48
204.48
204.48
204.47
204.46
204.45
204.44
204.44
204.43
204.42
204.42
204.42
204.41
204.41
204.42
204.42
204.41
204.4
204.39
204.4
204.4
204.4
204.39
204.39
204.39
204.39
204.39
204.4
204.4
204.39
204.38
204.38
204.37
204.37
204.38
204.38
204.37
204.37
204.4
204.62
204.85
204.74
204.54
204.36
204.37
204.38
204.38
204.38
204.39
204.37
204.36
204.44
204.65
204.83
204.64
204.45
204.34
204.33
204.33
204.33
204.33
204.39
204.61
204.82
204.84
204.83
204.76
204.57
204.39
204.33
204.34
204.38
204.56
204.74
204.79
204.8
204.77
204.59
204.4
204.32
204.32
204.33
204.31
204.29
204.38
204.6
204.8
204.79
204.77
204.78
204.8
204.82
204.8
204.78
204.76
204.73
204.71
204.74
204.77
204.78
204.75
204.72
204.56
204.38
204.23
204.25
204.26
204.42
204.65
204.81
204.78
204.74
204.88
205.09
205.2
205
204.8
204.86
205.05
205.22
205.24
205.25
205.26
205.25
205.25
205.23
205.21
205.21
205.22
205.22
205.02
204.83
204.71
204.71
204.7
204.55
204.37
204.46
205.31
206.15
205.79
205.41
205.1
204.92
204.74
204.84
205.04
205.2
205.2
205.21
205.2
205.19
205.15
204.95
204.75
204.67
204.66
204.67
204.86
205.05
205.13
205.13
205.12
204.94
204.75
204.74
204.93
205.12
205.14
205.15
205.15
205.15
205.15
205.15
205.15
205.16
205.16
205.16
205.15
205.13
205.06
204.87
204.67
204.78
204.98
205.15
205.15
205.14
205.14
205.14
205.15
205.14
205.14
205.14
205.14
205.14
205.12
205.1
205.1
205.1
205.11
205.12
205.13
205.13
205.13
205.13
205.12
205.12
205.11
205.1
205.09
205.1
205.12
205.12
205.1
205.08
205.08
205.08
205.09
205.08
205.07
205.07
205.09
205.09
205.09
205.09
205.09
205.09
205.09
205.09
205.09
205.08
205.08
205.07
205.08
205.08
205.07
205.06
205.05
205.06
205.07
205.07
205.06
205.05
205.06
205.07
205.08
205.06
205.05
206.6
208.53
210.45
212.12
212.32
212.52
212.61
212.6
212.59
212.59
212.6
212.6
212.6
212.6
212.6
212.59
212.59
212.6
212.6
212.6
212.58
212.56
212.57
212.57
212.49
212.29
212.08
212.24
212.43
212.53
212.32
212.11
212.06
212.06
212.03
211.92
211.8
211.68
211.57
211.4
210.97
210.55
210.42
210.36
210.17
209.73
209.28
208.84
208.4
208.26
208.22
208.11
207.67
207.23
206.78
206.32
205.99
205.73
205.55
205.54
205.54
205.38
205.17
205.03
205.02
205.01
205.01
205
205
205
205
205
205.01
205.01
205
205
205
205
204.99
204.99
204.99
204.99
204.99
204.99
204.99
204.99
204.99
204.99
204.99
204.99
204.99
204.99
204.99
204.99
204.99
204.99
204.99
204.99
204.99
204.98
204.98
204.98
204.98
204.98
204.98
204.98
204.98
204.98
204.98
204.98
204.98
204.98
204.98
204.98
204.98
204.98
204.98
204.98
204.98
204.98
204.99
205.01
204.99
204.98
204.97
204.97
204.96
204.76
204.53
204.64
204.98
205.31
205.64
205.97
206.3
206.22
205.76
205.4
205.16
204.97
204.96
204.95
204.95
204.96
204.96
204.96
204.95
204.94
204.94
204.93
204.94
204.96
204.97
204.96
204.95
204.94
204.94
204.94
204.95
204.97
204.97
204.97
204.97
204.96
204.96
204.96
204.96
204.97
204.97
204.97
204.96
204.95
204.95
204.96
204.97
205.15
205.46
205.78
205.99
206.05
206.11
206.09
206.06
206.02
206.01
205.99
205.83
205.62
205.5
205.5
205.5
205.3
205.09
205
204.99
204.98
204.98
204.97
205.08
205.24
205.41
205.3
205.08
204.97
204.98
204.98
205
205.01
205.01
204.99
204.98
204.97
204.97
204.98
204.98
204.98
204.98
204.98
204.98
204.98
204.98
204.98
204.99
205.01
205.18
205.36
205.47
205.24
205.01
204.99
204.99
204.99
205.01
205.03
205.29
205.59
205.9
206.05
206.04
206.03
205.81
205.57
205.67
205.86
206.05
206.08
206.06
206.05
206.07
206.1
206.1
206.09
206.08
206.09
206.1
206.19
206.36
206.53
206.69
206.86
207.02
206.96
206.74
206.61
206.61
206.61
206.76
206.94
207.11
207.13
207.1
207.09
207.1
207.11
207.12
207.14
207.16
207.17
207.19
207.57
208.34
209.1
209.87
210.63
211.39
212.16
212.92
213.15
213.16
213.16
213.16
213.16
213.16
213.16
213.16
212.96
212.72
212.76
212.93
213.1
213.17
213.17
213.17
212.94
212.71
212.8
212.97
213.13
212.99
212.76
212.66
212.66
212.66
212.83
213
213.16
213.18
213.18
213.19
213.19
213.19
213.19
213.19
213.2
213.2
213.2
213.2
213.2
213.2
213.2
213.2
213.17
212.91
212.66
212.66
212.66
212.66
212.67
212.67
212.81
212.98
213.15
213.06
212.8
212.54
212.26
212.2
212.37
212.53
212.57
212.32
212.13
212.13
212.13
212.13
212.13
212.14
211.91
211.69
211.64
211.62
211.52
211.25
211.05
211.05
211.05
211.05
211.05
211.05
210.82
210.59
210.56
210.54
210.52
210.49
210.46
210.27
210.04
209.98
209.99
209.99
209.99
209.99
209.99
209.99
209.99
210
210
209.93
209.67
209.48
209.46
209.44
209.43
209.42
209.38
209.14
208.92
208.93
208.93
208.93
208.93
208.93
208.75
208.53
208.47
208.45
208.43
208.4
208.36
208.35
208.34
208.34
208.33
208.33
208.21
207.99
207.87
207.87
207.88
207.88
207.88
207.88
207.88
207.89
207.89
207.89
207.89
207.89
207.89
207.79
207.53
207.37
207.36
207.34
207.11
206.84
206.83
206.83
206.83
206.83
206.83
206.84
206.84
206.84
206.84
206.84
206.84
206.85
206.85
206.85
206.85
206.85
206.85
206.86
206.86
206.86
206.86
206.86
206.87
206.87
206.87
206.87
206.87
206.87
206.88
206.88
206.88
206.88
206.88
206.89
206.65
206.39
206.38
206.38
206.44
206.6
206.76
206.91
206.91
206.91
206.91
206.92
206.92
206.7
206.43
206.41
206.41
206.41
206.41
206.41
206.41
206.41
206.41
206.42
206.44
206.45
206.45
206.45
206.44
206.43
206.43
206.43
206.44
206.44
206.43
206.42
206.43
206.43
206.43
206.43
206.43
206.43
206.44
206.44
206.44
206.44
206.45
206.45
206.45
206.45
206.45
206.46
206.46
206.47
206.47
206.47
206.47
206.48
206.48
206.48
206.48
206.49
206.49
206.49
206.49
206.49
206.5
206.5
206.5
206.5
206.5
206.51
206.51
206.51
206.51
206.52
206.52
206.52
206.52
206.52
206.53
206.53
206.53
206.53
206.54
206.54
206.54
206.54
206.54
206.55
206.55
206.55
206.56
206.57
206.56
206.56
206.56
206.57
206.57
206.57
206.57
206.57
206.58
206.58
206.58
206.59
206.6
206.6
206.61
206.61
206.62
206.63
206.63
206.64
206.65
206.64
206.63
206.63
206.63
206.63
206.63
206.63
206.63
206.63
206.63
206.63
206.63
206.63
206.63
206.63
206.63
206.63
213.87
214
214.13
214.26
214.31
214.36
214.4
214.4
214.39
214.44
214.59
214.74
214.89
214.72
214.44
214.55
214.7
214.85
214.86
214.6
214.53
214.67
214.81
214.95
214.71
214.45
214.46
214.47
214.52
214.66
214.8
214.95
214.99
214.99
214.99
214.71
214.48
214.48
214.49
214.56
214.7
214.85
214.99
214.82
214.54
214.52
214.52
214.52
214.53
214.54
214.55
214.54
214.53
214.54
214.55
214.55
214.55
214.54
214.59
214.74
214.89
215.03
214.9
214.62
214.58
214.57
214.57
214.57
214.57
214.57
214.57
214.58
214.57
214.55
214.55
214.7
214.86
215.01
215.13
215.14
215.14
215.02
214.76
214.74
214.88
215.02
215.15
214.86
214.62
214.59
214.57
214.38
214.1
214.07
214.07
214.05
213.71
213.53
213.56
213.59
213.58
213.53
213.46
213.19
213
213
213
212.79
212.39
212.12
211.49
210.8
210.81
210.81
210.47
210.13
209.82
209.5
209.16
208.82
208.63
208.63
208.64
208.43
208.14
208.15
208.15
208.15
208.14
208.12
208.11
208.12
208.12
208.12
208.12
208.13
208.14
208.14
208.15
208.16
208.17
208.17
208.17
208.16
208.18
208.2
208.21
208.2
208.19
208.19
208.21
208.23
208.23
208.22
208.22
208.23
208.24
208.28
208.42
208.56
208.69
208.76
208.77
208.77
208.52
208.25
208.39
208.54
208.68
208.79
208.79
208.79
208.8
208.8
208.8
208.81
208.81
208.81
208.82
208.82
208.82
208.82
208.83
208.83
208.83
208.84
208.84
208.84
208.85
208.85
208.85
208.86
208.86
208.87
208.88
208.88
208.89
208.99
209.13
209.27
209.4
209.43
209.44
209.46
209.46
209.46
209.47
209.47
209.47
209.47
209.48
209.48
209.48
209.49
209.49
209.49
209.5
209.5
209.5
209.51
209.51
209.51
209.51
209.52
209.52
209.52
209.53
209.53
209.53
209.54
209.54
209.54
209.54
209.55
209.55
209.55
209.56
209.57
209.58
209.59
209.58
209.58
209.58
209.6
209.62
209.68
209.81
209.95
210.08
210.15
210.16
210.17
210.17
210.18
210.18
210.18
210.19
210.2
210.33
210.46
210.6
210.67
210.36
210.21
210.21
210.22
210.22
210.22
210.22
210.35
210.47
210.6
210.73
210.75
210.77
210.79
210.8
210.8
210.81
210.8
210.8
210.8
210.81
210.82
210.82
210.81
210.8
210.82
210.83
210.85
210.87
210.89
210.91
210.89
210.87
210.86
210.87
210.87
210.87
210.88
210.88
210.88
210.89
210.89
210.89
210.89
210.92
211.06
211.2
211.34
211.48
211.49
211.49
211.49
211.49
211.5
211.5
211.5
211.51
211.51
211.51
211.52
211.6
211.73
211.86
211.99
212.05
212.06
212.06
212.07
212.08
212.08
212.09
212.11
212.12
212.12
212.12
212.12
212.12
212.12
212.13
212.13
212.14
212.15
212.15
212.15
212.15
212.16
212.16
212.16
212.17
212.17
212.18
212.19
212.2
212.33
212.46
212.59
212.72
212.76
212.76
212.76
212.77
212.77
212.78
212.91
213.05
213.18
213.31
213.34
213.33
213.33
213.33
213.32
213.32
213.33
213.34
213.35
213.37
213.39
213.4
213.4
213.41
213.41
213.41
213.42
213.42
213.42
213.43
213.42
213.42
213.41
213.43
213.45
213.47
213.48
213.48
213.49
213.61
213.73
213.86
213.98
214.03
214.04
214.04
214.04
214.05
214.05
214.05
214.06
214.06
214.06
214.07
214.07
214.07
214.08
214.11
214.23
214.36
214.49
214.62
214.64
214.65
214.66
214.66
214.67
214.68
214.8
214.94
215.07
215.2
215.26
215.27
215.27
215.28
215.28
215.28
215.29
215.29
215.29
215.3
215.3
215.3
215.31
215.31
215.31
215.32
215.32
215.33
215.45
215.58
215.7
215.83
215.89
215.89
215.89
215.9
215.92
215.93
215.93
215.93
215.93
216.02
216.15
216.28
216.41
216.52
216.53
216.53
216.53
216.54
216.54
216.54
216.55
216.55
216.6
216.73
216.85
216.97
217.1
217.1
217.1
217.09
217.13
217.16
217.2
217.2
217.2
217.2
217.21
217.22
217.23
217.34
217.46
217.58
217.7
217.77
217.77
217.78
217.78
217.79
217.79
217.85
217.97
218.09
218.21
218.32
218.34
218.35
218.37
218.38
218.38
218.39
218.4
218.41
218.42
218.43
218.44
218.44
218.56
218.68
218.8
218.92
219.02
219.02
219.02
219.06
219.18
219.3
219.42
219.54
219.59
219.61
219.62
219.64
219.66
219.68
219.75
219.87
219.99
220.1
220.22
220.24
220.24
220.25
220.25
220.25
220.26
220.36
220.48
220.59
220.7
220.83
220.96
221.1
221.23
221.37
221.32
220.95
221.03
221.14
221.24
221.34
221.4
221.43
221.47
221.53
221.64
221.76
221.87
221.99
222.04
222.05
222.07
222.09
222.12
222.15
222.2
222.32
222.45
222.58
222.7
222.83
222.94
223.05
223.16
223.27
223.3
223.31
223.31
223.39
223.5
223.6
223.71
223.81
223.87
223.94
224.01
224.1
224.21
224.32
224.43
224.55
224.58
224.61
224.63
224.74
224.91
225.08









































































































































































































































































































































































































































































































































































































































































































































































































































































































































































































































































































































































































































































































































































































































































































































































































































































































































































































































































































































































































































































































































































































































































































































































































































































































































































































































































































































































































































































































































































































































































































































































































































































































































































































































































































































































































































































































































































































































































































































































































































































































































































































































































































































































































































































































































































































































































































































































































































































































































































































































































































































































































































































































































































































































































































































































































































































































































































































































































































































































































































































































































































































































































































































































































































































































































































































































































































































































































































































































































































































































































































































































































































































































































































































































































































































































































































































































































































































































































































































































































































































































































































































































































































































































































































































































































































































































































































































































































































































































































































































































































































































































































































































































































































































































































































































































































































































































































































































































































































































































































































































































































































































































































































































































































































































































































































































































































































































































































































































































































































































































































































































































































































































































































































































































































































































































































































































































































































































































































































































































































































































































































































































































































































































































































































































































































































































































































































































































































































































































































































































































































































































































































































































































































































































































































































































































































































































































































































































































































































































































































































































































































